set terminal x11 noraise
set yrange [-4:4]
set style data lines

plot '-'
0 0
0.1 -1.74529e-06
0.2 6.80661e-05
0.3 -0.00265281
0.4 0.111716
0.5 1.01991
0.6 0.111716
0.7 -0.00265281
0.8 6.80662e-05
0.9 -1.74647e-06
1 4.59906e-08
1.1 -1.17925e-09
e
plot '-'
0 0
0.1 -6.8603e-06
0.2 0.00019774
0.3 -0.00498236
0.4 0.088002
0.5 1.04155
0.6 0.088002
0.7 -0.00498236
0.8 0.00019774
0.9 -6.86739e-06
1 2.29319e-07
1.1 -7.08945e-09
e
plot '-'
0 0
0.1 -1.66776e-05
0.2 0.000376015
0.3 -0.0067383
0.4 0.0631231
0.5 1.06502
0.6 0.0631231
0.7 -0.0067383
0.8 0.000376016
0.9 -1.67024e-05
1 6.81576e-07
1.1 -2.47475e-08
e
plot '-'
0 0
0.1 -3.21922e-05
0.2 0.000588391
0.3 -0.00787446
0.4 0.0369837
0.5 1.09043
0.6 0.0369837
0.7 -0.00787446
0.8 0.000588394
0.9 -3.22579e-05
1 1.56807e-06
1.1 -6.55889e-08
e
plot '-'
0 0
0.1 -5.40105e-05
0.2 0.000818721
0.3 -0.00834048
0.4 0.00948164
0.5 1.11791
0.6 0.00948164
0.7 -0.00834048
0.8 0.000818728
0.9 -5.4157e-05
1 3.07963e-06
1.1 -1.46235e-07
e
plot '-'
0 0
0.1 -8.22938e-05
0.2 0.00104904
0.3 -0.00808142
0.4 -0.0194929
0.5 1.14757
0.6 -0.0194929
0.7 -0.00808142
0.8 0.00104905
0.9 -8.25835e-05
1 5.42257e-06
1.1 -2.89025e-07
e
plot '-'
0 0
0.1 -0.000116696
0.2 0.00125938
0.3 -0.00703741
0.4 -0.0500574
0.5 1.17956
0.6 -0.0500574
0.7 -0.00703741
0.8 0.00125941
0.9 -0.000117219
1 8.80643e-06
1.1 -5.22242e-07
e
plot '-'
0 0
0.1 -0.000156292
0.2 0.00142755
0.3 -0.00514323
0.4 -0.082338
0.5 1.21403
0.6 -0.082338
0.7 -0.00514323
0.8 0.00142761
0.9 -0.000157174
1 1.34293e-05
1.1 -8.79973e-07
e
plot '-'
0 0
0.1 -0.000199503
0.2 0.00152896
0.3 -0.0023279
0.4 -0.11647
0.5 1.25113
0.6 -0.11647
0.7 -0.00232791
0.8 0.00152905
0.9 -0.00020091
1 1.946e-05
1.1 -1.40151e-06
e
plot '-'
0 0
0.1 -0.000244012
0.2 0.00153633
0.3 0.00148578
0.4 -0.152598
0.5 1.29104
0.6 -0.152598
0.7 0.00148577
0.8 0.00153647
0.9 -0.000246151
1 2.7018e-05
1.1 -2.13022e-06
e
plot '-'
0 0
0.1 -0.000286664
0.2 0.00141944
0.3 0.00638177
0.4 -0.190877
0.5 1.33393
0.6 -0.190877
0.7 0.00638176
0.8 0.00141967
0.9 -0.000289791
1 3.61479e-05
1.1 -3.11171e-06
e
plot '-'
0 0
0.1 -0.00032337
0.2 0.00114486
0.3 0.0124513
0.4 -0.231476
0.5 1.38
0.6 -0.231476
0.7 0.0124513
0.8 0.00114521
0.9 -0.000327786
1 4.6792e-05
1.1 -4.39129e-06
e
plot '-'
0 0
0.1 -0.000348986
0.2 0.000675635
0.3 0.0197936
0.4 -0.274571
0.5 1.42947
0.6 -0.274571
0.7 0.0197935
0.8 0.00067615
0.9 -0.000355034
1 5.87559e-05
1.1 -6.01045e-06
e
plot '-'
0 0
0.1 -0.000357189
0.2 -2.9065e-05
0.3 0.0285161
0.4 -0.320357
0.5 1.48255
0.6 -0.320357
0.7 0.0285161
0.8 -2.83284e-05
0.9 -0.000365249
1 7.16707e-05
1.1 -8.00227e-06
e
plot '-'
0 0
0.1 -0.00034034
0.2 -0.00101431
0.3 0.0387358
0.4 -0.369039
0.5 1.53949
0.6 -0.369039
0.7 0.0387357
0.8 -0.00101328
0.9 -0.000350811
1 8.4948e-05
1.1 -1.03856e-05
e
plot '-'
0 0
0.1 -0.000289327
0.2 -0.00232981
0.3 0.0505795
0.4 -0.420838
0.5 1.60054
0.6 -0.420838
0.7 0.0505794
0.8 -0.00232841
0.9 -0.000302609
1 9.77286e-05
1.1 -1.31578e-05
e
plot '-'
0 0
0.1 -0.000193404
0.2 -0.00403035
0.3 0.0641847
0.4 -0.475992
0.5 1.66599
0.6 -0.475992
0.7 0.0641845
0.8 -0.00402849
0.9 -0.000209864
1 0.000108824
1.1 -1.62855e-05
e
plot '-'
0 0
0.1 -3.9997e-05
0.2 -0.00617627
0.3 0.0797005
0.4 -0.534757
0.5 1.73613
0.6 -0.534757
0.7 0.0797003
0.8 -0.00617385
0.9 -5.99324e-05
1 0.000116647
1.1 -1.9694e-05
e
plot '-'
0 0
0.1 0.00018549
0.2 -0.00883398
0.3 0.0972887
0.4 -0.597406
0.5 1.81129
0.6 -0.597406
0.7 0.0972884
0.8 -0.00883088
0.9 0.000161909
1 0.000119137
1.1 -2.32538e-05
e
plot '-'
0 0
0.1 0.0004999
0.2 -0.0120765
0.3 0.117125
0.4 -0.664235
0.5 1.89179
0.6 -0.664235
0.7 0.117124
0.8 -0.0120726
0.9 0.0004727
1 0.000113672
1.1 -2.67647e-05
e
plot '-'
0 0
0.1 0.000922567
0.2 -0.0159841
0.3 0.139398
0.4 -0.735559
0.5 1.97802
0.6 -0.735559
0.7 0.139398
0.8 -0.0159793
0.9 0.000892061
1 9.69676e-05
1.1 -2.99373e-05
e
plot '-'
0 0
0.1 0.00147558
0.2 -0.020645
0.3 0.164315
0.4 -0.811719
0.5 2.07037
0.6 -0.811719
0.7 0.164314
0.8 -0.0206392
0.9 0.00144248
1 6.4963e-05
1.1 -3.23707e-05
e
plot '-'
0 0
0.1 0.00218408
0.2 -0.026156
0.3 0.192099
0.4 -0.89308
0.5 2.16925
0.6 -0.89308
0.7 0.192098
0.8 -0.0261492
0.9 0.00214963
1 1.26951e-05
1.1 -3.35262e-05
e
plot '-'
0 0
0.1 0.00307658
0.2 -0.0326232
0.3 0.22299
0.4 -0.980034
0.5 2.27513
0.6 -0.980034
0.7 0.222989
0.8 -0.0326153
0.9 0.00304273
1 -6.58481e-05
1.1 -3.26974e-05
e
plot '-'
0 0
0.1 0.00418529
0.2 -0.0401632
0.3 0.25725
0.4 -1.073
0.5 2.38849
0.6 -1.073
0.7 0.257249
0.8 -0.0401543
0.9 0.00415491
1 -0.000177891
1.1 -2.89745e-05
e
plot '-'
0 0
0.1 0.00554654
0.2 -0.0489035
0.3 0.295163
0.4 -1.17244
0.5 2.50986
0.6 -1.17244
0.7 0.295161
0.8 -0.0488937
0.9 0.00552364
1 -0.000332055
1.1 -2.12032e-05
e
plot '-'
0 0
0.1 0.00720117
0.2 -0.058984
0.3 0.337034
0.4 -1.27883
0.5 2.6398
0.6 -1.27883
0.7 0.337032
0.8 -0.0589736
0.9 0.00719123
1 -0.000538565
1.1 -7.93756e-06
e
plot '-'
0 0
0.1 0.00919499
0.2 -0.0705577
0.3 0.383195
0.4 -1.3927
0.5 2.77891
0.6 -1.3927
0.7 0.383193
0.8 -0.0705473
0.9 0.00920528
1 -0.000809487
1.1 1.2615e-05
e
plot '-'
0 0
0.1 0.0115793
0.2 -0.0837921
0.3 0.434006
0.4 -1.51461
0.5 2.92783
0.6 -1.51461
0.7 0.434003
0.8 -0.0837824
0.9 0.0116193
1 -0.00115898
1.1 4.2656e-05
e
plot '-'
0 0
0.1 0.0144113
0.2 -0.0988705
0.3 0.489853
0.4 -1.64517
0.5 3.08727
0.6 -1.64517
0.7 0.48985
0.8 -0.0988625
0.9 0.0144933
1 -0.00160362
1.1 8.48682e-05
e
plot '-'
0 0
0.1 0.017755
0.2 -0.115993
0.3 0.551157
0.4 -1.78502
0.5 3.25797
0.6 -1.78502
0.7 0.551154
0.8 -0.115988
0.9 0.0178944
1 -0.00216268
1.1 0.000142498
e
plot '-'
0 0
0.1 0.0216815
0.2 -0.135379
0.3 0.618373
0.4 -1.93487
0.5 3.44074
0.6 -1.93487
0.7 0.61837
0.8 -0.13538
0.9 0.0218978
1 -0.00285853
1.1 0.000219447
e
plot '-'
0 0
0.1 0.02627
0.2 -0.157267
0.3 0.691991
0.4 -2.09547
0.5 3.63642
0.6 -2.09547
0.7 0.691988
0.8 -0.157276
0.9 0.0265873
1 -0.00371708
1.1 0.000320384
e
plot '-'
0 0
0.1 0.0316081
0.2 -0.181919
0.3 0.772543
0.4 -2.26762
0.5 3.84595
0.6 -2.26762
0.7 0.772541
0.8 -0.181939
0.9 0.0320564
1 -0.00476817
1.1 0.00045086
e
plot '-'
0 0
0.1 0.0377935
0.2 -0.209619
0.3 0.860604
0.4 -2.4522
0.5 4.07032
0.6 -2.4522
0.7 0.860602
0.8 -0.209656
0.9 0.0384092
1 -0.00604615
1.1 0.000617449
e
plot '-'
0 0
0.1 0.0449338
0.2 -0.24068
0.3 0.956794
0.4 -2.65014
0.5 4.31059
0.6 -2.65014
0.7 0.956794
0.8 -0.240738
0.9 0.0457615
1 -0.0075904
1.1 0.000827907
e
plot '-'
0 0
0.1 0.0531485
0.2 -0.275439
0.3 1.06179
0.4 -2.86244
0.5 4.56791
0.6 -2.86244
0.7 1.06179
0.8 -0.275527
0.9 0.0542418
1 -0.00944603
1.1 0.00109134
e
plot '-'
0 0
0.1 0.0625694
0.2 -0.314267
0.3 1.17631
0.4 -3.09019
0.5 4.84351
0.6 -3.09019
0.7 1.17631
0.8 -0.314395
0.9 0.0639932
1 -0.0116645
1.1 0.00141842
e
plot '-'
0 0
0.1 0.0733422
0.2 -0.357569
0.3 1.30114
0.4 -3.33455
0.5 5.1387
0.6 -3.33455
0.7 1.30115
0.8 -0.357746
0.9 0.0751738
1 -0.0143047
1.1 0.00182157
e
plot '-'
0 0
0.1 0.0856274
0.2 -0.405782
0.3 1.43713
0.4 -3.59677
0.5 5.45491
0.6 -3.59677
0.7 1.43714
0.8 -0.406025
0.9 0.0879592
1 -0.0174332
1.1 0.00231528
e
plot '-'
0 0
0.1 0.0996021
0.2 -0.459387
0.3 1.5852
0.4 -3.8782
0.5 5.79367
0.6 -3.8782
0.7 1.58522
0.8 -0.459712
0.9 0.102544
1 -0.021126
1.1 0.00291634
e
plot '-'
0 0
0.1 0.115461
0.2 -0.518904
0.3 1.74634
0.4 -4.18028
0.5 6.15659
0.6 -4.18028
0.7 1.74637
0.8 -0.519333
0.9 0.119142
1 -0.0254691
1.1 0.00364417
e
plot '-'
0 0
0.1 0.133419
0.2 -0.584903
0.3 1.92161
0.4 -4.50457
0.5 6.54546
0.6 -4.50457
0.7 1.92167
0.8 -0.585461
0.9 0.137993
1 -0.03056
1.1 0.0045212
e
plot '-'
0 0
0.1 0.153712
0.2 -0.658
0.3 2.11219
0.4 -4.85275
0.5 6.96215
0.6 -4.85275
0.7 2.11226
0.8 -0.658719
0.9 0.159357
1 -0.0365086
1.1 0.00557325
e
plot '-'
0 0
0.1 0.176599
0.2 -0.738869
0.3 2.31931
0.4 -5.22661
0.5 7.4087
0.6 -5.22662
0.7 2.3194
0.8 -0.739787
0.9 0.183526
1 -0.0434395
1.1 0.00682999
e
plot '-'
0 0
0.1 0.202364
0.2 -0.828243
0.3 2.54432
0.4 -5.62811
0.5 7.88729
0.6 -5.62812
0.7 2.54445
0.8 -0.829404
0.9 0.210819
1 -0.0514928
1.1 0.00832544
e
plot '-'
0 0
0.1 0.23132
0.2 -0.926916
0.3 2.7887
0.4 -6.05931
0.5 8.40026
0.6 -6.05933
0.7 2.78887
0.8 -0.928375
0.9 0.241589
1 -0.0608263
1.1 0.0100986
e
plot '-'
0 0
0.1 0.263809
0.2 -1.03576
0.3 3.054
0.4 -6.52248
0.5 8.95014
0.6 -6.5225
0.7 3.05423
0.8 -1.03758
0.9 0.276224
1 -0.0716176
1.1 0.0121939
e
plot '-'
0 0
0.1 0.300207
0.2 -1.1557
0.3 3.34194
0.4 -7.02002
0.5 9.53963
0.6 -7.02005
0.7 3.34223
0.8 -1.15796
0.9 0.315154
1 -0.0840663
1.1 0.0146621
e
plot '-'
0 0
0.1 0.340924
0.2 -1.28778
0.3 3.65436
0.4 -7.55453
0.5 10.1716
0.6 -7.55457
0.7 3.65473
0.8 -1.29056
0.9 0.358849
1 -0.0983964
1.1 0.017561
e
plot '-'
0 0
0.1 0.386412
0.2 -1.4331
0.3 3.99324
0.4 -8.12882
0.5 10.8493
0.6 -8.12887
0.7 3.9937
0.8 -1.43651
0.9 0.407829
1 -0.114859
1.1 0.0209564
e
plot '-'
0 0
0.1 0.437163
0.2 -1.59287
0.3 4.36073
0.4 -8.74588
0.5 11.576
0.6 -8.74595
0.7 4.36131
0.8 -1.59704
0.9 0.462665
1 -0.133735
1.1 0.0249228
e
plot '-'
0 0
0.1 0.493715
0.2 -1.7684
0.3 4.75914
0.4 -9.40897
0.5 12.3554
0.6 -9.40906
0.7 4.75987
0.8 -1.77347
0.9 0.523985
1 -0.155341
1.1 0.029545
e
plot '-'
0 0
0.1 0.55666
0.2 -1.96112
0.3 5.19098
0.4 -10.1216
0.5 13.1912
0.6 -10.1217
0.7 5.19189
0.8 -1.96726
0.9 0.592479
1 -0.180027
1.1 0.0349186
e
plot '-'
0 0
0.1 0.62664
0.2 -2.17257
0.3 5.65895
0.4 -10.8874
0.5 14.0878
0.6 -10.8876
0.7 5.66008
0.8 -2.17999
0.9 0.668906
1 -0.208188
1.1 0.0411521
e
plot '-'
0 0
0.1 0.70436
0.2 -2.40444
0.3 6.16598
0.4 -11.7106
0.5 15.0496
0.6 -11.7108
0.7 6.16737
0.8 -2.41336
0.9 0.754099
1 -0.240263
1.1 0.0483679
e
plot '-'
0 0
0.1 0.790589
0.2 -2.65855
0.3 6.71521
0.4 -12.5954
0.5 16.0814
0.6 -12.5956
0.7 6.71692
0.8 -2.66924
0.9 0.848973
1 -0.276742
1.1 0.056704
e
plot '-'
0 0
0.1 0.886165
0.2 -2.93688
0.3 7.31004
0.4 -13.5465
0.5 17.1884
0.6 -13.5468
0.7 7.31213
0.8 -2.94964
0.9 0.954532
1 -0.318171
1.1 0.0663162
e
plot '-'
0 0
0.1 0.992004
0.2 -3.24157
0.3 7.95416
0.4 -14.569
0.5 18.3763
0.6 -14.5693
0.7 7.9567
0.8 -3.25678
0.9 1.07188
1 -0.365161
1.1 0.0773797
e
plot '-'
0 0
0.1 1.10911
0.2 -3.57496
0.3 8.65153
0.4 -15.6682
0.5 19.651
0.6 -15.6687
0.7 8.65461
0.8 -3.59302
0.9 1.20222
1 -0.418388
1.1 0.0900917
e
plot '-'
0 0
0.1 1.23856
0.2 -3.93957
0.3 9.40643
0.4 -16.8501
0.5 21.019
0.6 -16.8507
0.7 9.41015
0.8 -3.96097
0.9 1.34688
1 -0.478607
1.1 0.104674
e
plot '-'
0 0
0.1 1.38155
0.2 -4.33815
0.3 10.2235
0.4 -18.1209
0.5 22.4872
0.6 -18.1216
0.7 10.228
0.8 -4.36344
0.9 1.50731
1 -0.546657
1.1 0.121375
e
plot '-'
0 0
0.1 1.53938
0.2 -4.77367
0.3 11.1077
0.4 -19.4874
0.5 24.0632
0.6 -19.4882
0.7 11.1131
0.8 -4.80349
0.9 1.68512
1 -0.623471
1.1 0.140473
e
plot '-'
0 0
0.1 1.71345
0.2 -5.24935
0.3 12.0645
0.4 -20.9568
0.5 25.7549
0.6 -20.9578
0.7 12.0709
0.8 -5.28442
0.9 1.88203
1 -0.710082
1.1 0.162282
e
plot '-'
0 0
0.1 1.9053
0.2 -5.76869
0.3 13.0996
0.4 -22.537
0.5 27.5711
0.6 -22.5382
0.7 13.1073
0.8 -5.80985
0.9 2.09997
1 -0.807643
1.1 0.187152
e
plot '-'
0 0
0.1 2.1166
0.2 -6.33548
0.3 14.2194
0.4 -24.2364
0.5 29.521
0.6 -24.2379
0.7 14.2286
0.8 -6.38368
0.9 2.34102
1 -0.917426
1.1 0.215475
e
plot '-'
0 0
0.1 2.34917
0.2 -6.95382
0.3 15.4306
0.4 -26.0641
0.5 31.6146
0.6 -26.066
0.7 15.4415
0.8 -7.01016
0.9 2.60748
1 -1.04085
1.1 0.247688
e
plot '-'
0 0
0.1 2.605
0.2 -7.62816
0.3 16.7406
0.4 -28.03
0.5 33.8627
0.6 -28.0322
0.7 16.7535
0.8 -7.69389
0.9 2.90186
1 -1.17948
1.1 0.284282
e
plot '-'
0 0
0.1 2.88624
0.2 -8.36333
0.3 18.1572
0.4 -30.1444
0.5 36.2769
0.6 -30.1471
0.7 18.1725
0.8 -8.43987
0.9 3.22691
1 -1.33505
1.1 0.325803
e
plot '-'
0 0
0.1 3.19524
0.2 -9.16455
0.3 19.689
0.4 -32.4189
0.5 38.8697
0.6 -32.4221
0.7 19.7071
0.8 -9.25353
0.9 3.58562
1 -1.50948
1.1 0.372862
e
plot '-'
0 0
0.1 3.53454
0.2 -10.0375
0.3 21.3452
0.4 -34.8655
0.5 41.6544
0.6 -34.8693
0.7 21.3665
0.8 -10.1407
0.9 3.9813
1 -1.70491
1.1 0.426138
e
plot '-'
0 0
0.1 3.90692
0.2 -10.9883
0.3 23.1358
0.4 -37.4975
0.5 44.6455
0.6 -37.502
0.7 23.1607
0.8 -11.1079
0.9 4.41753
1 -1.9237
1.1 0.48639
e
plot '-'
0 0
0.1 4.31539
0.2 -12.0235
0.3 25.0713
0.4 -40.3289
0.5 47.8586
0.6 -40.3344
0.7 25.1007
0.8 -12.1619
0.9 4.89824
1 -2.16843
1.1 0.554463
e
plot '-'
0 0
0.1 4.76323
0.2 -13.1504
0.3 27.1636
0.4 -43.3752
0.5 51.3103
0.6 -43.3816
0.7 27.1979
0.8 -13.3103
0.9 5.42774
1 -2.44201
1.1 0.631295
e
plot '-'
0 0
0.1 5.254
0.2 -14.3768
0.3 29.4249
0.4 -46.6526
0.5 55.0185
0.6 -46.6602
0.7 29.4651
0.8 -14.5612
0.9 6.01073
1 -2.74761
1.1 0.717934
e
plot '-'
0 0
0.1 5.79157
0.2 -15.7111
0.3 31.8689
0.4 -50.1788
0.5 59.0028
0.6 -50.1879
0.7 31.9157
0.8 -15.9235
0.9 6.65235
1 -3.08874
1.1 0.815541
e
plot '-'
0 0
0.1 6.38014
0.2 -17.1624
0.3 34.51
0.4 -53.973
0.5 63.2838
0.6 -53.9837
0.7 34.5646
0.8 -17.4068
0.9 7.3582
1 -3.4693
1.1 0.925409
e
plot '-'
0 0
0.1 7.02426
0.2 -18.7407
0.3 37.3641
0.4 -58.0556
0.5 67.884
0.6 -58.0682
0.7 37.4275
0.8 -19.0214
0.9 8.13444
1 -3.89356
1.1 1.04897
e
plot '-'
0 0
0.1 7.72889
0.2 -20.4565
0.3 40.4479
0.4 -62.4487
0.5 72.8275
0.6 -62.4635
0.7 40.5216
0.8 -20.7785
0.9 8.98775
1 -4.36626
1.1 1.18782
e
plot '-'
0 0
0.1 8.49942
0.2 -22.3215
0.3 43.7798
0.4 -67.1761
0.5 78.1402
0.6 -67.1935
0.7 43.8654
0.8 -22.6906
0.9 9.92547
1 -4.89263
1.1 1.34373
e
plot '-'
0 0
0.1 9.34166
0.2 -24.3483
0.3 47.3796
0.4 -72.2634
0.5 83.8501
0.6 -72.2838
0.7 47.4787
0.8 -24.7707
0.9 10.9556
1 -5.4784
1.1 1.51866
e
plot '-'
0 0
0.1 10.262
0.2 -26.5503
0.3 51.2685
0.4 -77.7383
0.5 89.9873
0.6 -77.7621
0.7 51.3832
0.8 -27.0333
0.9 12.0868
1 -6.12994
1.1 1.71478
e
plot '-'
0 0
0.1 11.2672
0.2 -28.9423
0.3 55.4696
0.4 -83.6304
0.5 96.5842
0.6 -83.6582
0.7 55.602
0.8 -29.4939
0.9 13.3288
1 -6.85423
1.1 1.9345
e
plot '-'
0 0
0.1 12.3648
0.2 -31.5401
0.3 60.0076
0.4 -89.9717
0.5 103.675
0.6 -90.0042
0.7 60.1604
0.8 -32.1694
0.9 14.6918
1 -7.65899
1.1 2.18048
e
plot '-'
0 0
0.1 13.5629
0.2 -34.3609
0.3 64.9092
0.4 -96.7969
0.5 111.299
0.6 -96.8347
0.7 65.0853
0.8 -35.0782
0.9 16.1872
1 -8.55269
1.1 2.45569
e
plot '-'
0 0
0.1 14.8703
0.2 -37.4233
0.3 70.2035
0.4 -104.143
0.5 119.494
0.6 -104.187
0.7 70.4061
0.8 -38.2401
0.9 17.8275
1 -9.5447
1.1 2.76339
e
plot '-'
0 0
0.1 16.2964
0.2 -40.7474
0.3 75.9214
0.4 -112.05
0.5 128.306
0.6 -112.101
0.7 76.1544
0.8 -41.6765
0.9 19.6262
1 -10.6453
1.1 3.10721
e
plot '-'
0 0
0.1 17.8515
0.2 -44.355
0.3 82.0968
0.4 -120.561
0.5 137.78
0.6 -120.62
0.7 82.3643
0.8 -45.4108
0.9 21.5981
1 -11.8658
1.1 3.49113
e
plot '-'
0 0
0.1 19.5469
0.2 -48.2696
0.3 88.7657
0.4 -129.722
0.5 147.967
0.6 -129.791
0.7 89.0726
0.8 -49.4683
0.9 23.7593
1 -13.2187
1.1 3.91959
e
plot '-'
0 0
0.1 21.3947
0.2 -52.5166
0.3 95.9674
0.4 -139.584
0.5 158.921
0.6 -139.663
0.7 96.3191
0.8 -53.8764
0.9 26.1273
1 -14.7177
1.1 4.39747
e
plot '-'
0 0
0.1 23.408
0.2 -57.1234
0.3 103.744
0.4 -150.2
0.5 170.701
0.6 -150.292
0.7 104.147
0.8 -58.6647
0.9 28.7214
1 -16.3779
1.1 4.93017
e
plot '-'
0 0
0.1 25.601
0.2 -62.12
0.3 112.141
0.4 -161.628
0.5 183.369
0.6 -161.734
0.7 112.602
0.8 -63.8655
0.9 31.5625
1 -18.2159
1.1 5.52366
e
plot '-'
0 0
0.1 27.9892
0.2 -67.5384
0.3 121.208
0.4 -173.932
0.5 196.993
0.6 -174.054
0.7 121.734
0.8 -69.5135
0.9 34.6734
1 -20.2498
1.1 6.18452
e
plot '-'
0 0
0.1 30.5893
0.2 -73.4134
0.3 130.998
0.4 -187.177
0.5 211.647
0.6 -187.318
0.7 131.598
0.8 -75.6466
0.9 38.079
1 -22.4998
1.1 6.92001
e
plot '-'
0 0
0.1 33.4193
0.2 -79.7827
0.3 141.568
0.4 -201.438
0.5 227.408
0.6 -201.6
0.7 142.252
0.8 -82.3057
0.9 41.8065
1 -24.9878
1.1 7.73816
e
plot '-'
0 0
0.1 36.499
0.2 -86.6868
0.3 152.979
0.4 -216.791
0.5 244.361
0.6 -216.977
0.7 153.759
0.8 -89.5352
0.9 45.8855
1 -27.738
1.1 8.64781
e
plot '-'
0 0
0.1 39.8495
0.2 -94.1697
0.3 165.299
0.4 -233.321
0.5 262.598
0.6 -233.535
0.7 166.187
0.8 -97.3831
0.9 50.3482
1 -30.777
1.1 9.6587
e
plot '-'
0 0
0.1 43.4938
0.2 -102.279
0.3 178.599
0.4 -251.12
0.5 282.215
0.6 -251.365
0.7 179.609
0.8 -105.902
0.9 55.2299
1 -34.134
1.1 10.7816
e
plot '-'
0 0
0.1 47.4569
0.2 -111.066
0.3 192.956
0.4 -270.284
0.5 303.319
0.6 -270.564
0.7 194.104
0.8 -115.147
0.9 60.5688
1 -37.841
1.1 12.0283
e
plot '-'
0 0
0.1 51.7657
0.2 -120.586
0.3 208.455
0.4 -290.919
0.5 326.024
0.6 -291.24
0.7 209.758
0.8 -125.181
0.9 66.4068
1 -41.9331
1.1 13.412
e
plot '-'
0 0
0.1 56.4494
0.2 -130.9
0.3 225.186
0.4 -313.138
0.5 350.451
0.6 -313.505
0.7 226.664
0.8 -136.069
0.9 72.7895
1 -46.449
1.1 14.9468
e
